# Player co-occurrence graph for Legia Warszawa
# Format: player1	player2	total_weight	seasons
Artur Boruc	Artur Jędrzejczyk	11	[2010,2011,2013,2016,2017,2018,2019,2020,2021,2022,2023]
Artur Boruc	Bartosz Bereszyński	11	[2010,2011,2013,2016,2017,2018,2019,2020,2021,2022,2023]
Artur Boruc	Bartosz Kapustka	11	[2010,2011,2013,2016,2017,2018,2019,2020,2021,2022,2023]
Artur Boruc	Blaz Kramer	11	[2010,2011,2013,2016,2017,2018,2019,2020,2021,2022,2023]
Artur Boruc	Carlitos	10	[2010,2011,2013,2017,2018,2019,2020,2021,2022,2023]
Artur Boruc	Ernest Muçi	11	[2010,2011,2013,2016,2017,2018,2019,2020,2021,2022,2023]
Artur Boruc	Jakub Rzeźniczak	11	[2010,2011,2013,2016,2017,2018,2019,2020,2021,2022,2023]
Artur Boruc	Josue	11	[2010,2011,2013,2016,2017,2018,2019,2020,2021,2022,2023]
Artur Boruc	Kacper Tobiasz	11	[2010,2011,2013,2016,2017,2018,2019,2020,2021,2022,2023]
Artur Boruc	Krzysztof Mączyński	11	[2010,2011,2013,2016,2017,2018,2019,2020,2021,2022,2023]
Artur Boruc	Luquinhas	11	[2010,2011,2013,2016,2017,2018,2019,2020,2021,2022,2023]
Artur Boruc	Maik Nawrocki	11	[2010,2011,2013,2016,2017,2018,2019,2020,2021,2022,2023]
Artur Boruc	Marc Gual	10	[2010,2011,2013,2016,2017,2018,2019,2020,2021,2022]
Artur Boruc	Michał Pazdan	11	[2010,2011,2013,2016,2017,2018,2019,2020,2021,2022,2023]
Artur Boruc	Miroslav Radović	11	[2010,2011,2013,2016,2017,2018,2019,2020,2021,2022,2023]
Artur Boruc	Nemanja Nikolić	11	[2010,2011,2013,2016,2017,2018,2019,2020,2021,2022,2023]
Artur Boruc	Radosław Cierzniak	9	[2010,2013,2016,2017,2018,2019,2020,2021,2022]
Artur Boruc	Tomasz Brzyski	11	[2010,2011,2013,2016,2017,2018,2019,2020,2021,2022,2023]
Artur Boruc	Tomasz Jodłowiec	11	[2010,2011,2013,2016,2017,2018,2019,2020,2021,2022,2023]
Artur Boruc	Vadis Odjidja-Ofoe	10	[2010,2011,2013,2016,2017,2018,2019,2020,2021,2023]
Artur Boruc	Yuri Ribeiro	11	[2010,2011,2013,2016,2017,2018,2019,2020,2021,2022,2023]
Artur Jędrzejczyk	Bartosz Bereszyński	15	[2010,2011,2012,2013,2014,2015,2016,2017,2018,2019,2020,2021,2022,2023,2024]
Artur Jędrzejczyk	Bartosz Kapustka	15	[2010,2011,2012,2013,2014,2015,2016,2017,2018,2019,2020,2021,2022,2023,2024]
Artur Jędrzejczyk	Blaz Kramer	15	[2010,2011,2012,2013,2014,2015,2016,2017,2018,2019,2020,2021,2022,2023,2024]
Artur Jędrzejczyk	Carlitos	14	[2010,2011,2012,2013,2014,2015,2017,2018,2019,2020,2021,2022,2023,2024]
Artur Jędrzejczyk	Ernest Muçi	15	[2010,2011,2012,2013,2014,2015,2016,2017,2018,2019,2020,2021,2022,2023,2024]
Artur Jędrzejczyk	Jakub Rzeźniczak	15	[2010,2011,2012,2013,2014,2015,2016,2017,2018,2019,2020,2021,2022,2023,2024]
Artur Jędrzejczyk	Josue	15	[2010,2011,2012,2013,2014,2015,2016,2017,2018,2019,2020,2021,2022,2023,2024]
Artur Jędrzejczyk	Kacper Tobiasz	15	[2010,2011,2012,2013,2014,2015,2016,2017,2018,2019,2020,2021,2022,2023,2024]
Artur Jędrzejczyk	Krzysztof Mączyński	15	[2010,2011,2012,2013,2014,2015,2016,2017,2018,2019,2020,2021,2022,2023,2024]
Artur Jędrzejczyk	Luquinhas	15	[2010,2011,2012,2013,2014,2015,2016,2017,2018,2019,2020,2021,2022,2023,2024]
Artur Jędrzejczyk	Maik Nawrocki	15	[2010,2011,2012,2013,2014,2015,2016,2017,2018,2019,2020,2021,2022,2023,2024]
Artur Jędrzejczyk	Marc Gual	14	[2010,2011,2012,2013,2014,2015,2016,2017,2018,2019,2020,2021,2022,2024]
Artur Jędrzejczyk	Michał Pazdan	15	[2010,2011,2012,2013,2014,2015,2016,2017,2018,2019,2020,2021,2022,2023,2024]
Artur Jędrzejczyk	Miroslav Radović	15	[2010,2011,2012,2013,2014,2015,2016,2017,2018,2019,2020,2021,2022,2023,2024]
Artur Jędrzejczyk	Nemanja Nikolić	15	[2010,2011,2012,2013,2014,2015,2016,2017,2018,2019,2020,2021,2022,2023,2024]
Artur Jędrzejczyk	Radosław Cierzniak	13	[2010,2012,2013,2014,2015,2016,2017,2018,2019,2020,2021,2022,2024]
Artur Jędrzejczyk	Tomasz Brzyski	15	[2010,2011,2012,2013,2014,2015,2016,2017,2018,2019,2020,2021,2022,2023,2024]
Artur Jędrzejczyk	Tomasz Jodłowiec	15	[2010,2011,2012,2013,2014,2015,2016,2017,2018,2019,2020,2021,2022,2023,2024]
Artur Jędrzejczyk	Vadis Odjidja-Ofoe	14	[2010,2011,2012,2013,2014,2015,2016,2017,2018,2019,2020,2021,2023,2024]
Artur Jędrzejczyk	Yuri Ribeiro	15	[2010,2011,2012,2013,2014,2015,2016,2017,2018,2019,2020,2021,2022,2023,2024]
Bartosz Bereszyński	Bartosz Kapustka	15	[2010,2011,2012,2013,2014,2015,2016,2017,2018,2019,2020,2021,2022,2023,2024]
Bartosz Bereszyński	Blaz Kramer	15	[2010,2011,2012,2013,2014,2015,2016,2017,2018,2019,2020,2021,2022,2023,2024]
Bartosz Bereszyński	Carlitos	14	[2010,2011,2012,2013,2014,2015,2017,2018,2019,2020,2021,2022,2023,2024]
Bartosz Bereszyński	Ernest Muçi	15	[2010,2011,2012,2013,2014,2015,2016,2017,2018,2019,2020,2021,2022,2023,2024]
Bartosz Bereszyński	Jakub Rzeźniczak	15	[2010,2011,2012,2013,2014,2015,2016,2017,2018,2019,2020,2021,2022,2023,2024]
Bartosz Bereszyński	Josue	15	[2010,2011,2012,2013,2014,2015,2016,2017,2018,2019,2020,2021,2022,2023,2024]
Bartosz Bereszyński	Kacper Tobiasz	15	[2010,2011,2012,2013,2014,2015,2016,2017,2018,2019,2020,2021,2022,2023,2024]
Bartosz Bereszyński	Krzysztof Mączyński	15	[2010,2011,2012,2013,2014,2015,2016,2017,2018,2019,2020,2021,2022,2023,2024]
Bartosz Bereszyński	Luquinhas	15	[2010,2011,2012,2013,2014,2015,2016,2017,2018,2019,2020,2021,2022,2023,2024]
Bartosz Bereszyński	Maik Nawrocki	15	[2010,2011,2012,2013,2014,2015,2016,2017,2018,2019,2020,2021,2022,2023,2024]
Bartosz Bereszyński	Marc Gual	14	[2010,2011,2012,2013,2014,2015,2016,2017,2018,2019,2020,2021,2022,2024]
Bartosz Bereszyński	Michał Pazdan	15	[2010,2011,2012,2013,2014,2015,2016,2017,2018,2019,2020,2021,2022,2023,2024]
Bartosz Bereszyński	Miroslav Radović	15	[2010,2011,2012,2013,2014,2015,2016,2017,2018,2019,2020,2021,2022,2023,2024]
Bartosz Bereszyński	Nemanja Nikolić	15	[2010,2011,2012,2013,2014,2015,2016,2017,2018,2019,2020,2021,2022,2023,2024]
Bartosz Bereszyński	Radosław Cierzniak	13	[2010,2012,2013,2014,2015,2016,2017,2018,2019,2020,2021,2022,2024]
Bartosz Bereszyński	Tomasz Brzyski	15	[2010,2011,2012,2013,2014,2015,2016,2017,2018,2019,2020,2021,2022,2023,2024]
Bartosz Bereszyński	Tomasz Jodłowiec	15	[2010,2011,2012,2013,2014,2015,2016,2017,2018,2019,2020,2021,2022,2023,2024]
Bartosz Bereszyński	Vadis Odjidja-Ofoe	14	[2010,2011,2012,2013,2014,2015,2016,2017,2018,2019,2020,2021,2023,2024]
Bartosz Bereszyński	Yuri Ribeiro	15	[2010,2011,2012,2013,2014,2015,2016,2017,2018,2019,2020,2021,2022,2023,2024]
Bartosz Kapustka	Blaz Kramer	15	[2010,2011,2012,2013,2014,2015,2016,2017,2018,2019,2020,2021,2022,2023,2024]
Bartosz Kapustka	Carlitos	14	[2010,2011,2012,2013,2014,2015,2017,2018,2019,2020,2021,2022,2023,2024]
Bartosz Kapustka	Ernest Muçi	15	[2010,2011,2012,2013,2014,2015,2016,2017,2018,2019,2020,2021,2022,2023,2024]
Bartosz Kapustka	Jakub Rzeźniczak	15	[2010,2011,2012,2013,2014,2015,2016,2017,2018,2019,2020,2021,2022,2023,2024]
Bartosz Kapustka	Josue	15	[2010,2011,2012,2013,2014,2015,2016,2017,2018,2019,2020,2021,2022,2023,2024]
Bartosz Kapustka	Kacper Tobiasz	15	[2010,2011,2012,2013,2014,2015,2016,2017,2018,2019,2020,2021,2022,2023,2024]
Bartosz Kapustka	Krzysztof Mączyński	15	[2010,2011,2012,2013,2014,2015,2016,2017,2018,2019,2020,2021,2022,2023,2024]
Bartosz Kapustka	Luquinhas	15	[2010,2011,2012,2013,2014,2015,2016,2017,2018,2019,2020,2021,2022,2023,2024]
Bartosz Kapustka	Maik Nawrocki	15	[2010,2011,2012,2013,2014,2015,2016,2017,2018,2019,2020,2021,2022,2023,2024]
Bartosz Kapustka	Marc Gual	14	[2010,2011,2012,2013,2014,2015,2016,2017,2018,2019,2020,2021,2022,2024]
Bartosz Kapustka	Michał Pazdan	15	[2010,2011,2012,2013,2014,2015,2016,2017,2018,2019,2020,2021,2022,2023,2024]
Bartosz Kapustka	Miroslav Radović	15	[2010,2011,2012,2013,2014,2015,2016,2017,2018,2019,2020,2021,2022,2023,2024]
Bartosz Kapustka	Nemanja Nikolić	15	[2010,2011,2012,2013,2014,2015,2016,2017,2018,2019,2020,2021,2022,2023,2024]
Bartosz Kapustka	Radosław Cierzniak	13	[2010,2012,2013,2014,2015,2016,2017,2018,2019,2020,2021,2022,2024]
Bartosz Kapustka	Tomasz Brzyski	15	[2010,2011,2012,2013,2014,2015,2016,2017,2018,2019,2020,2021,2022,2023,2024]
Bartosz Kapustka	Tomasz Jodłowiec	15	[2010,2011,2012,2013,2014,2015,2016,2017,2018,2019,2020,2021,2022,2023,2024]
Bartosz Kapustka	Vadis Odjidja-Ofoe	14	[2010,2011,2012,2013,2014,2015,2016,2017,2018,2019,2020,2021,2023,2024]
Bartosz Kapustka	Yuri Ribeiro	15	[2010,2011,2012,2013,2014,2015,2016,2017,2018,2019,2020,2021,2022,2023,2024]
Blaz Kramer	Carlitos	14	[2010,2011,2012,2013,2014,2015,2017,2018,2019,2020,2021,2022,2023,2024]
Blaz Kramer	Ernest Muçi	15	[2010,2011,2012,2013,2014,2015,2016,2017,2018,2019,2020,2021,2022,2023,2024]
Blaz Kramer	Jakub Rzeźniczak	15	[2010,2011,2012,2013,2014,2015,2016,2017,2018,2019,2020,2021,2022,2023,2024]
Blaz Kramer	Josue	15	[2010,2011,2012,2013,2014,2015,2016,2017,2018,2019,2020,2021,2022,2023,2024]
Blaz Kramer	Kacper Tobiasz	15	[2010,2011,2012,2013,2014,2015,2016,2017,2018,2019,2020,2021,2022,2023,2024]
Blaz Kramer	Krzysztof Mączyński	15	[2010,2011,2012,2013,2014,2015,2016,2017,2018,2019,2020,2021,2022,2023,2024]
Blaz Kramer	Luquinhas	15	[2010,2011,2012,2013,2014,2015,2016,2017,2018,2019,2020,2021,2022,2023,2024]
Blaz Kramer	Maik Nawrocki	15	[2010,2011,2012,2013,2014,2015,2016,2017,2018,2019,2020,2021,2022,2023,2024]
Blaz Kramer	Marc Gual	14	[2010,2011,2012,2013,2014,2015,2016,2017,2018,2019,2020,2021,2022,2024]
Blaz Kramer	Michał Pazdan	15	[2010,2011,2012,2013,2014,2015,2016,2017,2018,2019,2020,2021,2022,2023,2024]
Blaz Kramer	Miroslav Radović	15	[2010,2011,2012,2013,2014,2015,2016,2017,2018,2019,2020,2021,2022,2023,2024]
Blaz Kramer	Nemanja Nikolić	15	[2010,2011,2012,2013,2014,2015,2016,2017,2018,2019,2020,2021,2022,2023,2024]
Blaz Kramer	Radosław Cierzniak	13	[2010,2012,2013,2014,2015,2016,2017,2018,2019,2020,2021,2022,2024]
Blaz Kramer	Tomasz Brzyski	15	[2010,2011,2012,2013,2014,2015,2016,2017,2018,2019,2020,2021,2022,2023,2024]
Blaz Kramer	Tomasz Jodłowiec	15	[2010,2011,2012,2013,2014,2015,2016,2017,2018,2019,2020,2021,2022,2023,2024]
Blaz Kramer	Vadis Odjidja-Ofoe	14	[2010,2011,2012,2013,2014,2015,2016,2017,2018,2019,2020,2021,2023,2024]
Blaz Kramer	Yuri Ribeiro	15	[2010,2011,2012,2013,2014,2015,2016,2017,2018,2019,2020,2021,2022,2023,2024]
Carlitos	Ernest Muçi	14	[2010,2011,2012,2013,2014,2015,2017,2018,2019,2020,2021,2022,2023,2024]
Carlitos	Jakub Rzeźniczak	14	[2010,2011,2012,2013,2014,2015,2017,2018,2019,2020,2021,2022,2023,2024]
Carlitos	Josue	14	[2010,2011,2012,2013,2014,2015,2017,2018,2019,2020,2021,2022,2023,2024]
Carlitos	Kacper Tobiasz	14	[2010,2011,2012,2013,2014,2015,2017,2018,2019,2020,2021,2022,2023,2024]
Carlitos	Krzysztof Mączyński	14	[2010,2011,2012,2013,2014,2015,2017,2018,2019,2020,2021,2022,2023,2024]
Carlitos	Luquinhas	14	[2010,2011,2012,2013,2014,2015,2017,2018,2019,2020,2021,2022,2023,2024]
Carlitos	Maik Nawrocki	14	[2010,2011,2012,2013,2014,2015,2017,2018,2019,2020,2021,2022,2023,2024]
Carlitos	Marc Gual	13	[2010,2011,2012,2013,2014,2015,2017,2018,2019,2020,2021,2022,2024]
Carlitos	Michał Pazdan	14	[2010,2011,2012,2013,2014,2015,2017,2018,2019,2020,2021,2022,2023,2024]
Carlitos	Miroslav Radović	14	[2010,2011,2012,2013,2014,2015,2017,2018,2019,2020,2021,2022,2023,2024]
Carlitos	Nemanja Nikolić	14	[2010,2011,2012,2013,2014,2015,2017,2018,2019,2020,2021,2022,2023,2024]
Carlitos	Radosław Cierzniak	12	[2010,2012,2013,2014,2015,2017,2018,2019,2020,2021,2022,2024]
Carlitos	Tomasz Brzyski	14	[2010,2011,2012,2013,2014,2015,2017,2018,2019,2020,2021,2022,2023,2024]
Carlitos	Tomasz Jodłowiec	14	[2010,2011,2012,2013,2014,2015,2017,2018,2019,2020,2021,2022,2023,2024]
Carlitos	Vadis Odjidja-Ofoe	13	[2010,2011,2012,2013,2014,2015,2017,2018,2019,2020,2021,2023,2024]
Carlitos	Yuri Ribeiro	14	[2010,2011,2012,2013,2014,2015,2017,2018,2019,2020,2021,2022,2023,2024]
Ernest Muçi	Jakub Rzeźniczak	15	[2010,2011,2012,2013,2014,2015,2016,2017,2018,2019,2020,2021,2022,2023,2024]
Ernest Muçi	Josue	15	[2010,2011,2012,2013,2014,2015,2016,2017,2018,2019,2020,2021,2022,2023,2024]
Ernest Muçi	Kacper Tobiasz	15	[2010,2011,2012,2013,2014,2015,2016,2017,2018,2019,2020,2021,2022,2023,2024]
Ernest Muçi	Krzysztof Mączyński	15	[2010,2011,2012,2013,2014,2015,2016,2017,2018,2019,2020,2021,2022,2023,2024]
Ernest Muçi	Luquinhas	15	[2010,2011,2012,2013,2014,2015,2016,2017,2018,2019,2020,2021,2022,2023,2024]
Ernest Muçi	Maik Nawrocki	15	[2010,2011,2012,2013,2014,2015,2016,2017,2018,2019,2020,2021,2022,2023,2024]
Ernest Muçi	Marc Gual	14	[2010,2011,2012,2013,2014,2015,2016,2017,2018,2019,2020,2021,2022,2024]
Ernest Muçi	Michał Pazdan	15	[2010,2011,2012,2013,2014,2015,2016,2017,2018,2019,2020,2021,2022,2023,2024]
Ernest Muçi	Miroslav Radović	15	[2010,2011,2012,2013,2014,2015,2016,2017,2018,2019,2020,2021,2022,2023,2024]
Ernest Muçi	Nemanja Nikolić	15	[2010,2011,2012,2013,2014,2015,2016,2017,2018,2019,2020,2021,2022,2023,2024]
Ernest Muçi	Radosław Cierzniak	13	[2010,2012,2013,2014,2015,2016,2017,2018,2019,2020,2021,2022,2024]
Ernest Muçi	Tomasz Brzyski	15	[2010,2011,2012,2013,2014,2015,2016,2017,2018,2019,2020,2021,2022,2023,2024]
Ernest Muçi	Tomasz Jodłowiec	15	[2010,2011,2012,2013,2014,2015,2016,2017,2018,2019,2020,2021,2022,2023,2024]
Ernest Muçi	Vadis Odjidja-Ofoe	14	[2010,2011,2012,2013,2014,2015,2016,2017,2018,2019,2020,2021,2023,2024]
Ernest Muçi	Yuri Ribeiro	15	[2010,2011,2012,2013,2014,2015,2016,2017,2018,2019,2020,2021,2022,2023,2024]
Jakub Rzeźniczak	Josue	15	[2010,2011,2012,2013,2014,2015,2016,2017,2018,2019,2020,2021,2022,2023,2024]
Jakub Rzeźniczak	Kacper Tobiasz	15	[2010,2011,2012,2013,2014,2015,2016,2017,2018,2019,2020,2021,2022,2023,2024]
Jakub Rzeźniczak	Krzysztof Mączyński	15	[2010,2011,2012,2013,2014,2015,2016,2017,2018,2019,2020,2021,2022,2023,2024]
Jakub Rzeźniczak	Luquinhas	15	[2010,2011,2012,2013,2014,2015,2016,2017,2018,2019,2020,2021,2022,2023,2024]
Jakub Rzeźniczak	Maik Nawrocki	15	[2010,2011,2012,2013,2014,2015,2016,2017,2018,2019,2020,2021,2022,2023,2024]
Jakub Rzeźniczak	Marc Gual	14	[2010,2011,2012,2013,2014,2015,2016,2017,2018,2019,2020,2021,2022,2024]
Jakub Rzeźniczak	Michał Pazdan	15	[2010,2011,2012,2013,2014,2015,2016,2017,2018,2019,2020,2021,2022,2023,2024]
Jakub Rzeźniczak	Miroslav Radović	15	[2010,2011,2012,2013,2014,2015,2016,2017,2018,2019,2020,2021,2022,2023,2024]
Jakub Rzeźniczak	Nemanja Nikolić	15	[2010,2011,2012,2013,2014,2015,2016,2017,2018,2019,2020,2021,2022,2023,2024]
Jakub Rzeźniczak	Radosław Cierzniak	13	[2010,2012,2013,2014,2015,2016,2017,2018,2019,2020,2021,2022,2024]
Jakub Rzeźniczak	Tomasz Brzyski	15	[2010,2011,2012,2013,2014,2015,2016,2017,2018,2019,2020,2021,2022,2023,2024]
Jakub Rzeźniczak	Tomasz Jodłowiec	15	[2010,2011,2012,2013,2014,2015,2016,2017,2018,2019,2020,2021,2022,2023,2024]
Jakub Rzeźniczak	Vadis Odjidja-Ofoe	14	[2010,2011,2012,2013,2014,2015,2016,2017,2018,2019,2020,2021,2023,2024]
Jakub Rzeźniczak	Yuri Ribeiro	15	[2010,2011,2012,2013,2014,2015,2016,2017,2018,2019,2020,2021,2022,2023,2024]
Josue	Kacper Tobiasz	15	[2010,2011,2012,2013,2014,2015,2016,2017,2018,2019,2020,2021,2022,2023,2024]
Josue	Krzysztof Mączyński	15	[2010,2011,2012,2013,2014,2015,2016,2017,2018,2019,2020,2021,2022,2023,2024]
Josue	Luquinhas	15	[2010,2011,2012,2013,2014,2015,2016,2017,2018,2019,2020,2021,2022,2023,2024]
Josue	Maik Nawrocki	15	[2010,2011,2012,2013,2014,2015,2016,2017,2018,2019,2020,2021,2022,2023,2024]
Josue	Marc Gual	14	[2010,2011,2012,2013,2014,2015,2016,2017,2018,2019,2020,2021,2022,2024]
Josue	Michał Pazdan	15	[2010,2011,2012,2013,2014,2015,2016,2017,2018,2019,2020,2021,2022,2023,2024]
Josue	Miroslav Radović	15	[2010,2011,2012,2013,2014,2015,2016,2017,2018,2019,2020,2021,2022,2023,2024]
Josue	Nemanja Nikolić	15	[2010,2011,2012,2013,2014,2015,2016,2017,2018,2019,2020,2021,2022,2023,2024]
Josue	Radosław Cierzniak	13	[2010,2012,2013,2014,2015,2016,2017,2018,2019,2020,2021,2022,2024]
Josue	Tomasz Brzyski	15	[2010,2011,2012,2013,2014,2015,2016,2017,2018,2019,2020,2021,2022,2023,2024]
Josue	Tomasz Jodłowiec	15	[2010,2011,2012,2013,2014,2015,2016,2017,2018,2019,2020,2021,2022,2023,2024]
Josue	Vadis Odjidja-Ofoe	14	[2010,2011,2012,2013,2014,2015,2016,2017,2018,2019,2020,2021,2023,2024]
Josue	Yuri Ribeiro	15	[2010,2011,2012,2013,2014,2015,2016,2017,2018,2019,2020,2021,2022,2023,2024]
Kacper Tobiasz	Krzysztof Mączyński	15	[2010,2011,2012,2013,2014,2015,2016,2017,2018,2019,2020,2021,2022,2023,2024]
Kacper Tobiasz	Luquinhas	15	[2010,2011,2012,2013,2014,2015,2016,2017,2018,2019,2020,2021,2022,2023,2024]
Kacper Tobiasz	Maik Nawrocki	15	[2010,2011,2012,2013,2014,2015,2016,2017,2018,2019,2020,2021,2022,2023,2024]
Kacper Tobiasz	Marc Gual	14	[2010,2011,2012,2013,2014,2015,2016,2017,2018,2019,2020,2021,2022,2024]
Kacper Tobiasz	Michał Pazdan	15	[2010,2011,2012,2013,2014,2015,2016,2017,2018,2019,2020,2021,2022,2023,2024]
Kacper Tobiasz	Miroslav Radović	15	[2010,2011,2012,2013,2014,2015,2016,2017,2018,2019,2020,2021,2022,2023,2024]
Kacper Tobiasz	Nemanja Nikolić	15	[2010,2011,2012,2013,2014,2015,2016,2017,2018,2019,2020,2021,2022,2023,2024]
Kacper Tobiasz	Radosław Cierzniak	13	[2010,2012,2013,2014,2015,2016,2017,2018,2019,2020,2021,2022,2024]
Kacper Tobiasz	Tomasz Brzyski	15	[2010,2011,2012,2013,2014,2015,2016,2017,2018,2019,2020,2021,2022,2023,2024]
Kacper Tobiasz	Tomasz Jodłowiec	15	[2010,2011,2012,2013,2014,2015,2016,2017,2018,2019,2020,2021,2022,2023,2024]
Kacper Tobiasz	Vadis Odjidja-Ofoe	14	[2010,2011,2012,2013,2014,2015,2016,2017,2018,2019,2020,2021,2023,2024]
Kacper Tobiasz	Yuri Ribeiro	15	[2010,2011,2012,2013,2014,2015,2016,2017,2018,2019,2020,2021,2022,2023,2024]
Krzysztof Mączyński	Luquinhas	15	[2010,2011,2012,2013,2014,2015,2016,2017,2018,2019,2020,2021,2022,2023,2024]
Krzysztof Mączyński	Maik Nawrocki	15	[2010,2011,2012,2013,2014,2015,2016,2017,2018,2019,2020,2021,2022,2023,2024]
Krzysztof Mączyński	Marc Gual	14	[2010,2011,2012,2013,2014,2015,2016,2017,2018,2019,2020,2021,2022,2024]
Krzysztof Mączyński	Michał Pazdan	15	[2010,2011,2012,2013,2014,2015,2016,2017,2018,2019,2020,2021,2022,2023,2024]
Krzysztof Mączyński	Miroslav Radović	15	[2010,2011,2012,2013,2014,2015,2016,2017,2018,2019,2020,2021,2022,2023,2024]
Krzysztof Mączyński	Nemanja Nikolić	15	[2010,2011,2012,2013,2014,2015,2016,2017,2018,2019,2020,2021,2022,2023,2024]
Krzysztof Mączyński	Radosław Cierzniak	13	[2010,2012,2013,2014,2015,2016,2017,2018,2019,2020,2021,2022,2024]
Krzysztof Mączyński	Tomasz Brzyski	15	[2010,2011,2012,2013,2014,2015,2016,2017,2018,2019,2020,2021,2022,2023,2024]
Krzysztof Mączyński	Tomasz Jodłowiec	15	[2010,2011,2012,2013,2014,2015,2016,2017,2018,2019,2020,2021,2022,2023,2024]
Krzysztof Mączyński	Vadis Odjidja-Ofoe	14	[2010,2011,2012,2013,2014,2015,2016,2017,2018,2019,2020,2021,2023,2024]
Krzysztof Mączyński	Yuri Ribeiro	15	[2010,2011,2012,2013,2014,2015,2016,2017,2018,2019,2020,2021,2022,2023,2024]
Luquinhas	Maik Nawrocki	15	[2010,2011,2012,2013,2014,2015,2016,2017,2018,2019,2020,2021,2022,2023,2024]
Luquinhas	Marc Gual	14	[2010,2011,2012,2013,2014,2015,2016,2017,2018,2019,2020,2021,2022,2024]
Luquinhas	Michał Pazdan	15	[2010,2011,2012,2013,2014,2015,2016,2017,2018,2019,2020,2021,2022,2023,2024]
Luquinhas	Miroslav Radović	15	[2010,2011,2012,2013,2014,2015,2016,2017,2018,2019,2020,2021,2022,2023,2024]
Luquinhas	Nemanja Nikolić	15	[2010,2011,2012,2013,2014,2015,2016,2017,2018,2019,2020,2021,2022,2023,2024]
Luquinhas	Radosław Cierzniak	13	[2010,2012,2013,2014,2015,2016,2017,2018,2019,2020,2021,2022,2024]
Luquinhas	Tomasz Brzyski	15	[2010,2011,2012,2013,2014,2015,2016,2017,2018,2019,2020,2021,2022,2023,2024]
Luquinhas	Tomasz Jodłowiec	15	[2010,2011,2012,2013,2014,2015,2016,2017,2018,2019,2020,2021,2022,2023,2024]
Luquinhas	Vadis Odjidja-Ofoe	14	[2010,2011,2012,2013,2014,2015,2016,2017,2018,2019,2020,2021,2023,2024]
Luquinhas	Yuri Ribeiro	15	[2010,2011,2012,2013,2014,2015,2016,2017,2018,2019,2020,2021,2022,2023,2024]
Maik Nawrocki	Marc Gual	14	[2010,2011,2012,2013,2014,2015,2016,2017,2018,2019,2020,2021,2022,2024]
Maik Nawrocki	Michał Pazdan	15	[2010,2011,2012,2013,2014,2015,2016,2017,2018,2019,2020,2021,2022,2023,2024]
Maik Nawrocki	Miroslav Radović	15	[2010,2011,2012,2013,2014,2015,2016,2017,2018,2019,2020,2021,2022,2023,2024]
Maik Nawrocki	Nemanja Nikolić	15	[2010,2011,2012,2013,2014,2015,2016,2017,2018,2019,2020,2021,2022,2023,2024]
Maik Nawrocki	Radosław Cierzniak	13	[2010,2012,2013,2014,2015,2016,2017,2018,2019,2020,2021,2022,2024]
Maik Nawrocki	Tomasz Brzyski	15	[2010,2011,2012,2013,2014,2015,2016,2017,2018,2019,2020,2021,2022,2023,2024]
Maik Nawrocki	Tomasz Jodłowiec	15	[2010,2011,2012,2013,2014,2015,2016,2017,2018,2019,2020,2021,2022,2023,2024]
Maik Nawrocki	Vadis Odjidja-Ofoe	14	[2010,2011,2012,2013,2014,2015,2016,2017,2018,2019,2020,2021,2023,2024]
Maik Nawrocki	Yuri Ribeiro	15	[2010,2011,2012,2013,2014,2015,2016,2017,2018,2019,2020,2021,2022,2023,2024]
Marc Gual	Michał Pazdan	14	[2010,2011,2012,2013,2014,2015,2016,2017,2018,2019,2020,2021,2022,2024]
Marc Gual	Miroslav Radović	14	[2010,2011,2012,2013,2014,2015,2016,2017,2018,2019,2020,2021,2022,2024]
Marc Gual	Nemanja Nikolić	14	[2010,2011,2012,2013,2014,2015,2016,2017,2018,2019,2020,2021,2022,2024]
Marc Gual	Radosław Cierzniak	13	[2010,2012,2013,2014,2015,2016,2017,2018,2019,2020,2021,2022,2024]
Marc Gual	Tomasz Brzyski	14	[2010,2011,2012,2013,2014,2015,2016,2017,2018,2019,2020,2021,2022,2024]
Marc Gual	Tomasz Jodłowiec	14	[2010,2011,2012,2013,2014,2015,2016,2017,2018,2019,2020,2021,2022,2024]
Marc Gual	Vadis Odjidja-Ofoe	13	[2010,2011,2012,2013,2014,2015,2016,2017,2018,2019,2020,2021,2024]
Marc Gual	Yuri Ribeiro	14	[2010,2011,2012,2013,2014,2015,2016,2017,2018,2019,2020,2021,2022,2024]
Michał Pazdan	Miroslav Radović	15	[2010,2011,2012,2013,2014,2015,2016,2017,2018,2019,2020,2021,2022,2023,2024]
Michał Pazdan	Nemanja Nikolić	15	[2010,2011,2012,2013,2014,2015,2016,2017,2018,2019,2020,2021,2022,2023,2024]
Michał Pazdan	Radosław Cierzniak	13	[2010,2012,2013,2014,2015,2016,2017,2018,2019,2020,2021,2022,2024]
Michał Pazdan	Tomasz Brzyski	15	[2010,2011,2012,2013,2014,2015,2016,2017,2018,2019,2020,2021,2022,2023,2024]
Michał Pazdan	Tomasz Jodłowiec	15	[2010,2011,2012,2013,2014,2015,2016,2017,2018,2019,2020,2021,2022,2023,2024]
Michał Pazdan	Vadis Odjidja-Ofoe	14	[2010,2011,2012,2013,2014,2015,2016,2017,2018,2019,2020,2021,2023,2024]
Michał Pazdan	Yuri Ribeiro	15	[2010,2011,2012,2013,2014,2015,2016,2017,2018,2019,2020,2021,2022,2023,2024]
Miroslav Radović	Nemanja Nikolić	15	[2010,2011,2012,2013,2014,2015,2016,2017,2018,2019,2020,2021,2022,2023,2024]
Miroslav Radović	Radosław Cierzniak	13	[2010,2012,2013,2014,2015,2016,2017,2018,2019,2020,2021,2022,2024]
Miroslav Radović	Tomasz Brzyski	15	[2010,2011,2012,2013,2014,2015,2016,2017,2018,2019,2020,2021,2022,2023,2024]
Miroslav Radović	Tomasz Jodłowiec	15	[2010,2011,2012,2013,2014,2015,2016,2017,2018,2019,2020,2021,2022,2023,2024]
Miroslav Radović	Vadis Odjidja-Ofoe	14	[2010,2011,2012,2013,2014,2015,2016,2017,2018,2019,2020,2021,2023,2024]
Miroslav Radović	Yuri Ribeiro	15	[2010,2011,2012,2013,2014,2015,2016,2017,2018,2019,2020,2021,2022,2023,2024]
Nemanja Nikolić	Radosław Cierzniak	13	[2010,2012,2013,2014,2015,2016,2017,2018,2019,2020,2021,2022,2024]
Nemanja Nikolić	Tomasz Brzyski	15	[2010,2011,2012,2013,2014,2015,2016,2017,2018,2019,2020,2021,2022,2023,2024]
Nemanja Nikolić	Tomasz Jodłowiec	15	[2010,2011,2012,2013,2014,2015,2016,2017,2018,2019,2020,2021,2022,2023,2024]
Nemanja Nikolić	Vadis Odjidja-Ofoe	14	[2010,2011,2012,2013,2014,2015,2016,2017,2018,2019,2020,2021,2023,2024]
Nemanja Nikolić	Yuri Ribeiro	15	[2010,2011,2012,2013,2014,2015,2016,2017,2018,2019,2020,2021,2022,2023,2024]
Radosław Cierzniak	Tomasz Brzyski	13	[2010,2012,2013,2014,2015,2016,2017,2018,2019,2020,2021,2022,2024]
Radosław Cierzniak	Tomasz Jodłowiec	13	[2010,2012,2013,2014,2015,2016,2017,2018,2019,2020,2021,2022,2024]
Radosław Cierzniak	Vadis Odjidja-Ofoe	12	[2010,2012,2013,2014,2015,2016,2017,2018,2019,2020,2021,2024]
Radosław Cierzniak	Yuri Ribeiro	13	[2010,2012,2013,2014,2015,2016,2017,2018,2019,2020,2021,2022,2024]
Tomasz Brzyski	Tomasz Jodłowiec	15	[2010,2011,2012,2013,2014,2015,2016,2017,2018,2019,2020,2021,2022,2023,2024]
Tomasz Brzyski	Vadis Odjidja-Ofoe	14	[2010,2011,2012,2013,2014,2015,2016,2017,2018,2019,2020,2021,2023,2024]
Tomasz Brzyski	Yuri Ribeiro	15	[2010,2011,2012,2013,2014,2015,2016,2017,2018,2019,2020,2021,2022,2023,2024]
Tomasz Jodłowiec	Vadis Odjidja-Ofoe	14	[2010,2011,2012,2013,2014,2015,2016,2017,2018,2019,2020,2021,2023,2024]
Tomasz Jodłowiec	Yuri Ribeiro	15	[2010,2011,2012,2013,2014,2015,2016,2017,2018,2019,2020,2021,2022,2023,2024]
Vadis Odjidja-Ofoe	Yuri Ribeiro	14	[2010,2011,2012,2013,2014,2015,2016,2017,2018,2019,2020,2021,2023,2024]
