# Player co-occurrence graph for Barcelona
# Format: player1	player2	total_weight	seasons
Alejandro Balde	Andres Iniesta	15	[2010,2011,2012,2013,2014,2015,2016,2017,2018,2019,2020,2021,2022,2023,2024]
Alejandro Balde	Carles Puyol	15	[2010,2011,2012,2013,2014,2015,2016,2017,2018,2019,2020,2021,2022,2023,2024]
Alejandro Balde	Dani Alves	15	[2010,2011,2012,2013,2014,2015,2016,2017,2018,2019,2020,2021,2022,2023,2024]
Alejandro Balde	Frenkie de Jong	15	[2010,2011,2012,2013,2014,2015,2016,2017,2018,2019,2020,2021,2022,2023,2024]
Alejandro Balde	Gavi	15	[2010,2011,2012,2013,2014,2015,2016,2017,2018,2019,2020,2021,2022,2023,2024]
Alejandro Balde	Gerard Pique	15	[2010,2011,2012,2013,2014,2015,2016,2017,2018,2019,2020,2021,2022,2023,2024]
Alejandro Balde	Ilkay Gundogan	15	[2010,2011,2012,2013,2014,2015,2016,2017,2018,2019,2020,2021,2022,2023,2024]
Alejandro Balde	Inaki Pena	12	[2010,2011,2013,2014,2015,2016,2017,2018,2019,2020,2021,2024]
Alejandro Balde	Jordi Alba	15	[2010,2011,2012,2013,2014,2015,2016,2017,2018,2019,2020,2021,2022,2023,2024]
Alejandro Balde	Jules Kounde	15	[2010,2011,2012,2013,2014,2015,2016,2017,2018,2019,2020,2021,2022,2023,2024]
Alejandro Balde	Lamine Yamal	14	[2010,2011,2012,2013,2014,2015,2016,2017,2018,2019,2020,2021,2022,2023]
Alejandro Balde	Lionel Messi	14	[2010,2011,2012,2013,2014,2015,2016,2018,2019,2020,2021,2022,2023,2024]
Alejandro Balde	Luis Suarez	11	[2010,2012,2013,2014,2015,2017,2019,2020,2021,2022,2024]
Alejandro Balde	Marc-Andre ter Stegen	14	[2010,2011,2012,2013,2014,2015,2016,2017,2018,2020,2021,2022,2023,2024]
Alejandro Balde	Neymar	12	[2010,2011,2012,2013,2014,2015,2016,2017,2019,2020,2021,2024]
Alejandro Balde	Pedri	15	[2010,2011,2012,2013,2014,2015,2016,2017,2018,2019,2020,2021,2022,2023,2024]
Alejandro Balde	Raphinha	14	[2010,2011,2012,2013,2014,2015,2016,2017,2018,2019,2021,2022,2023,2024]
Alejandro Balde	Robert Lewandowski	13	[2010,2012,2013,2014,2015,2017,2018,2019,2020,2021,2022,2023,2024]
Alejandro Balde	Ronald Araujo	15	[2010,2011,2012,2013,2014,2015,2016,2017,2018,2019,2020,2021,2022,2023,2024]
Alejandro Balde	Samuel Eto'o	13	[2010,2011,2012,2013,2015,2016,2017,2018,2019,2020,2022,2023,2024]
Alejandro Balde	Sergio Busquets	15	[2010,2011,2012,2013,2014,2015,2016,2017,2018,2019,2020,2021,2022,2023,2024]
Alejandro Balde	Victor Valdes	13	[2010,2011,2012,2013,2015,2016,2017,2018,2019,2020,2021,2022,2023]
Alejandro Balde	Xavi Hernandez	15	[2010,2011,2012,2013,2014,2015,2016,2017,2018,2019,2020,2021,2022,2023,2024]
Andres Iniesta	Carles Puyol	15	[2010,2011,2012,2013,2014,2015,2016,2017,2018,2019,2020,2021,2022,2023,2024]
Andres Iniesta	Dani Alves	15	[2010,2011,2012,2013,2014,2015,2016,2017,2018,2019,2020,2021,2022,2023,2024]
Andres Iniesta	Frenkie de Jong	15	[2010,2011,2012,2013,2014,2015,2016,2017,2018,2019,2020,2021,2022,2023,2024]
Andres Iniesta	Gavi	15	[2010,2011,2012,2013,2014,2015,2016,2017,2018,2019,2020,2021,2022,2023,2024]
Andres Iniesta	Gerard Pique	15	[2010,2011,2012,2013,2014,2015,2016,2017,2018,2019,2020,2021,2022,2023,2024]
Andres Iniesta	Ilkay Gundogan	15	[2010,2011,2012,2013,2014,2015,2016,2017,2018,2019,2020,2021,2022,2023,2024]
Andres Iniesta	Inaki Pena	12	[2010,2011,2013,2014,2015,2016,2017,2018,2019,2020,2021,2024]
Andres Iniesta	Jordi Alba	15	[2010,2011,2012,2013,2014,2015,2016,2017,2018,2019,2020,2021,2022,2023,2024]
Andres Iniesta	Jules Kounde	15	[2010,2011,2012,2013,2014,2015,2016,2017,2018,2019,2020,2021,2022,2023,2024]
Andres Iniesta	Lamine Yamal	14	[2010,2011,2012,2013,2014,2015,2016,2017,2018,2019,2020,2021,2022,2023]
Andres Iniesta	Lionel Messi	14	[2010,2011,2012,2013,2014,2015,2016,2018,2019,2020,2021,2022,2023,2024]
Andres Iniesta	Luis Suarez	11	[2010,2012,2013,2014,2015,2017,2019,2020,2021,2022,2024]
Andres Iniesta	Marc-Andre ter Stegen	14	[2010,2011,2012,2013,2014,2015,2016,2017,2018,2020,2021,2022,2023,2024]
Andres Iniesta	Neymar	12	[2010,2011,2012,2013,2014,2015,2016,2017,2019,2020,2021,2024]
Andres Iniesta	Pedri	15	[2010,2011,2012,2013,2014,2015,2016,2017,2018,2019,2020,2021,2022,2023,2024]
Andres Iniesta	Raphinha	14	[2010,2011,2012,2013,2014,2015,2016,2017,2018,2019,2021,2022,2023,2024]
Andres Iniesta	Robert Lewandowski	13	[2010,2012,2013,2014,2015,2017,2018,2019,2020,2021,2022,2023,2024]
Andres Iniesta	Ronald Araujo	15	[2010,2011,2012,2013,2014,2015,2016,2017,2018,2019,2020,2021,2022,2023,2024]
Andres Iniesta	Samuel Eto'o	13	[2010,2011,2012,2013,2015,2016,2017,2018,2019,2020,2022,2023,2024]
Andres Iniesta	Sergio Busquets	15	[2010,2011,2012,2013,2014,2015,2016,2017,2018,2019,2020,2021,2022,2023,2024]
Andres Iniesta	Victor Valdes	13	[2010,2011,2012,2013,2015,2016,2017,2018,2019,2020,2021,2022,2023]
Andres Iniesta	Xavi Hernandez	15	[2010,2011,2012,2013,2014,2015,2016,2017,2018,2019,2020,2021,2022,2023,2024]
Carles Puyol	Dani Alves	15	[2010,2011,2012,2013,2014,2015,2016,2017,2018,2019,2020,2021,2022,2023,2024]
Carles Puyol	Frenkie de Jong	15	[2010,2011,2012,2013,2014,2015,2016,2017,2018,2019,2020,2021,2022,2023,2024]
Carles Puyol	Gavi	15	[2010,2011,2012,2013,2014,2015,2016,2017,2018,2019,2020,2021,2022,2023,2024]
Carles Puyol	Gerard Pique	15	[2010,2011,2012,2013,2014,2015,2016,2017,2018,2019,2020,2021,2022,2023,2024]
Carles Puyol	Ilkay Gundogan	15	[2010,2011,2012,2013,2014,2015,2016,2017,2018,2019,2020,2021,2022,2023,2024]
Carles Puyol	Inaki Pena	12	[2010,2011,2013,2014,2015,2016,2017,2018,2019,2020,2021,2024]
Carles Puyol	Jordi Alba	15	[2010,2011,2012,2013,2014,2015,2016,2017,2018,2019,2020,2021,2022,2023,2024]
Carles Puyol	Jules Kounde	15	[2010,2011,2012,2013,2014,2015,2016,2017,2018,2019,2020,2021,2022,2023,2024]
Carles Puyol	Lamine Yamal	14	[2010,2011,2012,2013,2014,2015,2016,2017,2018,2019,2020,2021,2022,2023]
Carles Puyol	Lionel Messi	14	[2010,2011,2012,2013,2014,2015,2016,2018,2019,2020,2021,2022,2023,2024]
Carles Puyol	Luis Suarez	11	[2010,2012,2013,2014,2015,2017,2019,2020,2021,2022,2024]
Carles Puyol	Marc-Andre ter Stegen	14	[2010,2011,2012,2013,2014,2015,2016,2017,2018,2020,2021,2022,2023,2024]
Carles Puyol	Neymar	12	[2010,2011,2012,2013,2014,2015,2016,2017,2019,2020,2021,2024]
Carles Puyol	Pedri	15	[2010,2011,2012,2013,2014,2015,2016,2017,2018,2019,2020,2021,2022,2023,2024]
Carles Puyol	Raphinha	14	[2010,2011,2012,2013,2014,2015,2016,2017,2018,2019,2021,2022,2023,2024]
Carles Puyol	Robert Lewandowski	13	[2010,2012,2013,2014,2015,2017,2018,2019,2020,2021,2022,2023,2024]
Carles Puyol	Ronald Araujo	15	[2010,2011,2012,2013,2014,2015,2016,2017,2018,2019,2020,2021,2022,2023,2024]
Carles Puyol	Samuel Eto'o	13	[2010,2011,2012,2013,2015,2016,2017,2018,2019,2020,2022,2023,2024]
Carles Puyol	Sergio Busquets	15	[2010,2011,2012,2013,2014,2015,2016,2017,2018,2019,2020,2021,2022,2023,2024]
Carles Puyol	Victor Valdes	13	[2010,2011,2012,2013,2015,2016,2017,2018,2019,2020,2021,2022,2023]
Carles Puyol	Xavi Hernandez	15	[2010,2011,2012,2013,2014,2015,2016,2017,2018,2019,2020,2021,2022,2023,2024]
Dani Alves	Frenkie de Jong	15	[2010,2011,2012,2013,2014,2015,2016,2017,2018,2019,2020,2021,2022,2023,2024]
Dani Alves	Gavi	15	[2010,2011,2012,2013,2014,2015,2016,2017,2018,2019,2020,2021,2022,2023,2024]
Dani Alves	Gerard Pique	15	[2010,2011,2012,2013,2014,2015,2016,2017,2018,2019,2020,2021,2022,2023,2024]
Dani Alves	Ilkay Gundogan	15	[2010,2011,2012,2013,2014,2015,2016,2017,2018,2019,2020,2021,2022,2023,2024]
Dani Alves	Inaki Pena	12	[2010,2011,2013,2014,2015,2016,2017,2018,2019,2020,2021,2024]
Dani Alves	Jordi Alba	15	[2010,2011,2012,2013,2014,2015,2016,2017,2018,2019,2020,2021,2022,2023,2024]
Dani Alves	Jules Kounde	15	[2010,2011,2012,2013,2014,2015,2016,2017,2018,2019,2020,2021,2022,2023,2024]
Dani Alves	Lamine Yamal	14	[2010,2011,2012,2013,2014,2015,2016,2017,2018,2019,2020,2021,2022,2023]
Dani Alves	Lionel Messi	14	[2010,2011,2012,2013,2014,2015,2016,2018,2019,2020,2021,2022,2023,2024]
Dani Alves	Luis Suarez	11	[2010,2012,2013,2014,2015,2017,2019,2020,2021,2022,2024]
Dani Alves	Marc-Andre ter Stegen	14	[2010,2011,2012,2013,2014,2015,2016,2017,2018,2020,2021,2022,2023,2024]
Dani Alves	Neymar	12	[2010,2011,2012,2013,2014,2015,2016,2017,2019,2020,2021,2024]
Dani Alves	Pedri	15	[2010,2011,2012,2013,2014,2015,2016,2017,2018,2019,2020,2021,2022,2023,2024]
Dani Alves	Raphinha	14	[2010,2011,2012,2013,2014,2015,2016,2017,2018,2019,2021,2022,2023,2024]
Dani Alves	Robert Lewandowski	13	[2010,2012,2013,2014,2015,2017,2018,2019,2020,2021,2022,2023,2024]
Dani Alves	Ronald Araujo	15	[2010,2011,2012,2013,2014,2015,2016,2017,2018,2019,2020,2021,2022,2023,2024]
Dani Alves	Samuel Eto'o	13	[2010,2011,2012,2013,2015,2016,2017,2018,2019,2020,2022,2023,2024]
Dani Alves	Sergio Busquets	15	[2010,2011,2012,2013,2014,2015,2016,2017,2018,2019,2020,2021,2022,2023,2024]
Dani Alves	Victor Valdes	13	[2010,2011,2012,2013,2015,2016,2017,2018,2019,2020,2021,2022,2023]
Dani Alves	Xavi Hernandez	15	[2010,2011,2012,2013,2014,2015,2016,2017,2018,2019,2020,2021,2022,2023,2024]
Frenkie de Jong	Gavi	15	[2010,2011,2012,2013,2014,2015,2016,2017,2018,2019,2020,2021,2022,2023,2024]
Frenkie de Jong	Gerard Pique	15	[2010,2011,2012,2013,2014,2015,2016,2017,2018,2019,2020,2021,2022,2023,2024]
Frenkie de Jong	Ilkay Gundogan	15	[2010,2011,2012,2013,2014,2015,2016,2017,2018,2019,2020,2021,2022,2023,2024]
Frenkie de Jong	Inaki Pena	12	[2010,2011,2013,2014,2015,2016,2017,2018,2019,2020,2021,2024]
Frenkie de Jong	Jordi Alba	15	[2010,2011,2012,2013,2014,2015,2016,2017,2018,2019,2020,2021,2022,2023,2024]
Frenkie de Jong	Jules Kounde	15	[2010,2011,2012,2013,2014,2015,2016,2017,2018,2019,2020,2021,2022,2023,2024]
Frenkie de Jong	Lamine Yamal	14	[2010,2011,2012,2013,2014,2015,2016,2017,2018,2019,2020,2021,2022,2023]
Frenkie de Jong	Lionel Messi	14	[2010,2011,2012,2013,2014,2015,2016,2018,2019,2020,2021,2022,2023,2024]
Frenkie de Jong	Luis Suarez	11	[2010,2012,2013,2014,2015,2017,2019,2020,2021,2022,2024]
Frenkie de Jong	Marc-Andre ter Stegen	14	[2010,2011,2012,2013,2014,2015,2016,2017,2018,2020,2021,2022,2023,2024]
Frenkie de Jong	Neymar	12	[2010,2011,2012,2013,2014,2015,2016,2017,2019,2020,2021,2024]
Frenkie de Jong	Pedri	15	[2010,2011,2012,2013,2014,2015,2016,2017,2018,2019,2020,2021,2022,2023,2024]
Frenkie de Jong	Raphinha	14	[2010,2011,2012,2013,2014,2015,2016,2017,2018,2019,2021,2022,2023,2024]
Frenkie de Jong	Robert Lewandowski	13	[2010,2012,2013,2014,2015,2017,2018,2019,2020,2021,2022,2023,2024]
Frenkie de Jong	Ronald Araujo	15	[2010,2011,2012,2013,2014,2015,2016,2017,2018,2019,2020,2021,2022,2023,2024]
Frenkie de Jong	Samuel Eto'o	13	[2010,2011,2012,2013,2015,2016,2017,2018,2019,2020,2022,2023,2024]
Frenkie de Jong	Sergio Busquets	15	[2010,2011,2012,2013,2014,2015,2016,2017,2018,2019,2020,2021,2022,2023,2024]
Frenkie de Jong	Victor Valdes	13	[2010,2011,2012,2013,2015,2016,2017,2018,2019,2020,2021,2022,2023]
Frenkie de Jong	Xavi Hernandez	15	[2010,2011,2012,2013,2014,2015,2016,2017,2018,2019,2020,2021,2022,2023,2024]
Gavi	Gerard Pique	15	[2010,2011,2012,2013,2014,2015,2016,2017,2018,2019,2020,2021,2022,2023,2024]
Gavi	Ilkay Gundogan	15	[2010,2011,2012,2013,2014,2015,2016,2017,2018,2019,2020,2021,2022,2023,2024]
Gavi	Inaki Pena	12	[2010,2011,2013,2014,2015,2016,2017,2018,2019,2020,2021,2024]
Gavi	Jordi Alba	15	[2010,2011,2012,2013,2014,2015,2016,2017,2018,2019,2020,2021,2022,2023,2024]
Gavi	Jules Kounde	15	[2010,2011,2012,2013,2014,2015,2016,2017,2018,2019,2020,2021,2022,2023,2024]
Gavi	Lamine Yamal	14	[2010,2011,2012,2013,2014,2015,2016,2017,2018,2019,2020,2021,2022,2023]
Gavi	Lionel Messi	14	[2010,2011,2012,2013,2014,2015,2016,2018,2019,2020,2021,2022,2023,2024]
Gavi	Luis Suarez	11	[2010,2012,2013,2014,2015,2017,2019,2020,2021,2022,2024]
Gavi	Marc-Andre ter Stegen	14	[2010,2011,2012,2013,2014,2015,2016,2017,2018,2020,2021,2022,2023,2024]
Gavi	Neymar	12	[2010,2011,2012,2013,2014,2015,2016,2017,2019,2020,2021,2024]
Gavi	Pedri	15	[2010,2011,2012,2013,2014,2015,2016,2017,2018,2019,2020,2021,2022,2023,2024]
Gavi	Raphinha	14	[2010,2011,2012,2013,2014,2015,2016,2017,2018,2019,2021,2022,2023,2024]
Gavi	Robert Lewandowski	13	[2010,2012,2013,2014,2015,2017,2018,2019,2020,2021,2022,2023,2024]
Gavi	Ronald Araujo	15	[2010,2011,2012,2013,2014,2015,2016,2017,2018,2019,2020,2021,2022,2023,2024]
Gavi	Samuel Eto'o	13	[2010,2011,2012,2013,2015,2016,2017,2018,2019,2020,2022,2023,2024]
Gavi	Sergio Busquets	15	[2010,2011,2012,2013,2014,2015,2016,2017,2018,2019,2020,2021,2022,2023,2024]
Gavi	Victor Valdes	13	[2010,2011,2012,2013,2015,2016,2017,2018,2019,2020,2021,2022,2023]
Gavi	Xavi Hernandez	15	[2010,2011,2012,2013,2014,2015,2016,2017,2018,2019,2020,2021,2022,2023,2024]
Gerard Pique	Ilkay Gundogan	15	[2010,2011,2012,2013,2014,2015,2016,2017,2018,2019,2020,2021,2022,2023,2024]
Gerard Pique	Inaki Pena	12	[2010,2011,2013,2014,2015,2016,2017,2018,2019,2020,2021,2024]
Gerard Pique	Jordi Alba	15	[2010,2011,2012,2013,2014,2015,2016,2017,2018,2019,2020,2021,2022,2023,2024]
Gerard Pique	Jules Kounde	15	[2010,2011,2012,2013,2014,2015,2016,2017,2018,2019,2020,2021,2022,2023,2024]
Gerard Pique	Lamine Yamal	14	[2010,2011,2012,2013,2014,2015,2016,2017,2018,2019,2020,2021,2022,2023]
Gerard Pique	Lionel Messi	14	[2010,2011,2012,2013,2014,2015,2016,2018,2019,2020,2021,2022,2023,2024]
Gerard Pique	Luis Suarez	11	[2010,2012,2013,2014,2015,2017,2019,2020,2021,2022,2024]
Gerard Pique	Marc-Andre ter Stegen	14	[2010,2011,2012,2013,2014,2015,2016,2017,2018,2020,2021,2022,2023,2024]
Gerard Pique	Neymar	12	[2010,2011,2012,2013,2014,2015,2016,2017,2019,2020,2021,2024]
Gerard Pique	Pedri	15	[2010,2011,2012,2013,2014,2015,2016,2017,2018,2019,2020,2021,2022,2023,2024]
Gerard Pique	Raphinha	14	[2010,2011,2012,2013,2014,2015,2016,2017,2018,2019,2021,2022,2023,2024]
Gerard Pique	Robert Lewandowski	13	[2010,2012,2013,2014,2015,2017,2018,2019,2020,2021,2022,2023,2024]
Gerard Pique	Ronald Araujo	15	[2010,2011,2012,2013,2014,2015,2016,2017,2018,2019,2020,2021,2022,2023,2024]
Gerard Pique	Samuel Eto'o	13	[2010,2011,2012,2013,2015,2016,2017,2018,2019,2020,2022,2023,2024]
Gerard Pique	Sergio Busquets	15	[2010,2011,2012,2013,2014,2015,2016,2017,2018,2019,2020,2021,2022,2023,2024]
Gerard Pique	Victor Valdes	13	[2010,2011,2012,2013,2015,2016,2017,2018,2019,2020,2021,2022,2023]
Gerard Pique	Xavi Hernandez	15	[2010,2011,2012,2013,2014,2015,2016,2017,2018,2019,2020,2021,2022,2023,2024]
Ilkay Gundogan	Inaki Pena	12	[2010,2011,2013,2014,2015,2016,2017,2018,2019,2020,2021,2024]
Ilkay Gundogan	Jordi Alba	15	[2010,2011,2012,2013,2014,2015,2016,2017,2018,2019,2020,2021,2022,2023,2024]
Ilkay Gundogan	Jules Kounde	15	[2010,2011,2012,2013,2014,2015,2016,2017,2018,2019,2020,2021,2022,2023,2024]
Ilkay Gundogan	Lamine Yamal	14	[2010,2011,2012,2013,2014,2015,2016,2017,2018,2019,2020,2021,2022,2023]
Ilkay Gundogan	Lionel Messi	14	[2010,2011,2012,2013,2014,2015,2016,2018,2019,2020,2021,2022,2023,2024]
Ilkay Gundogan	Luis Suarez	11	[2010,2012,2013,2014,2015,2017,2019,2020,2021,2022,2024]
Ilkay Gundogan	Marc-Andre ter Stegen	14	[2010,2011,2012,2013,2014,2015,2016,2017,2018,2020,2021,2022,2023,2024]
Ilkay Gundogan	Neymar	12	[2010,2011,2012,2013,2014,2015,2016,2017,2019,2020,2021,2024]
Ilkay Gundogan	Pedri	15	[2010,2011,2012,2013,2014,2015,2016,2017,2018,2019,2020,2021,2022,2023,2024]
Ilkay Gundogan	Raphinha	14	[2010,2011,2012,2013,2014,2015,2016,2017,2018,2019,2021,2022,2023,2024]
Ilkay Gundogan	Robert Lewandowski	13	[2010,2012,2013,2014,2015,2017,2018,2019,2020,2021,2022,2023,2024]
Ilkay Gundogan	Ronald Araujo	15	[2010,2011,2012,2013,2014,2015,2016,2017,2018,2019,2020,2021,2022,2023,2024]
Ilkay Gundogan	Samuel Eto'o	13	[2010,2011,2012,2013,2015,2016,2017,2018,2019,2020,2022,2023,2024]
Ilkay Gundogan	Sergio Busquets	15	[2010,2011,2012,2013,2014,2015,2016,2017,2018,2019,2020,2021,2022,2023,2024]
Ilkay Gundogan	Victor Valdes	13	[2010,2011,2012,2013,2015,2016,2017,2018,2019,2020,2021,2022,2023]
Ilkay Gundogan	Xavi Hernandez	15	[2010,2011,2012,2013,2014,2015,2016,2017,2018,2019,2020,2021,2022,2023,2024]
Inaki Pena	Jordi Alba	12	[2010,2011,2013,2014,2015,2016,2017,2018,2019,2020,2021,2024]
Inaki Pena	Jules Kounde	12	[2010,2011,2013,2014,2015,2016,2017,2018,2019,2020,2021,2024]
Inaki Pena	Lamine Yamal	11	[2010,2011,2013,2014,2015,2016,2017,2018,2019,2020,2021]
Inaki Pena	Lionel Messi	11	[2010,2011,2013,2014,2015,2016,2018,2019,2020,2021,2024]
Inaki Pena	Luis Suarez	9	[2010,2013,2014,2015,2017,2019,2020,2021,2024]
Inaki Pena	Marc-Andre ter Stegen	11	[2010,2011,2013,2014,2015,2016,2017,2018,2020,2021,2024]
Inaki Pena	Neymar	11	[2010,2011,2013,2014,2015,2016,2017,2019,2020,2021,2024]
Inaki Pena	Pedri	12	[2010,2011,2013,2014,2015,2016,2017,2018,2019,2020,2021,2024]
Inaki Pena	Raphinha	11	[2010,2011,2013,2014,2015,2016,2017,2018,2019,2021,2024]
Inaki Pena	Robert Lewandowski	10	[2010,2013,2014,2015,2017,2018,2019,2020,2021,2024]
Inaki Pena	Ronald Araujo	12	[2010,2011,2013,2014,2015,2016,2017,2018,2019,2020,2021,2024]
Inaki Pena	Samuel Eto'o	10	[2010,2011,2013,2015,2016,2017,2018,2019,2020,2024]
Inaki Pena	Sergio Busquets	12	[2010,2011,2013,2014,2015,2016,2017,2018,2019,2020,2021,2024]
Inaki Pena	Victor Valdes	10	[2010,2011,2013,2015,2016,2017,2018,2019,2020,2021]
Inaki Pena	Xavi Hernandez	12	[2010,2011,2013,2014,2015,2016,2017,2018,2019,2020,2021,2024]
Jordi Alba	Jules Kounde	15	[2010,2011,2012,2013,2014,2015,2016,2017,2018,2019,2020,2021,2022,2023,2024]
Jordi Alba	Lamine Yamal	14	[2010,2011,2012,2013,2014,2015,2016,2017,2018,2019,2020,2021,2022,2023]
Jordi Alba	Lionel Messi	14	[2010,2011,2012,2013,2014,2015,2016,2018,2019,2020,2021,2022,2023,2024]
Jordi Alba	Luis Suarez	11	[2010,2012,2013,2014,2015,2017,2019,2020,2021,2022,2024]
Jordi Alba	Marc-Andre ter Stegen	14	[2010,2011,2012,2013,2014,2015,2016,2017,2018,2020,2021,2022,2023,2024]
Jordi Alba	Neymar	12	[2010,2011,2012,2013,2014,2015,2016,2017,2019,2020,2021,2024]
Jordi Alba	Pedri	15	[2010,2011,2012,2013,2014,2015,2016,2017,2018,2019,2020,2021,2022,2023,2024]
Jordi Alba	Raphinha	14	[2010,2011,2012,2013,2014,2015,2016,2017,2018,2019,2021,2022,2023,2024]
Jordi Alba	Robert Lewandowski	13	[2010,2012,2013,2014,2015,2017,2018,2019,2020,2021,2022,2023,2024]
Jordi Alba	Ronald Araujo	15	[2010,2011,2012,2013,2014,2015,2016,2017,2018,2019,2020,2021,2022,2023,2024]
Jordi Alba	Samuel Eto'o	13	[2010,2011,2012,2013,2015,2016,2017,2018,2019,2020,2022,2023,2024]
Jordi Alba	Sergio Busquets	15	[2010,2011,2012,2013,2014,2015,2016,2017,2018,2019,2020,2021,2022,2023,2024]
Jordi Alba	Victor Valdes	13	[2010,2011,2012,2013,2015,2016,2017,2018,2019,2020,2021,2022,2023]
Jordi Alba	Xavi Hernandez	15	[2010,2011,2012,2013,2014,2015,2016,2017,2018,2019,2020,2021,2022,2023,2024]
Jules Kounde	Lamine Yamal	14	[2010,2011,2012,2013,2014,2015,2016,2017,2018,2019,2020,2021,2022,2023]
Jules Kounde	Lionel Messi	14	[2010,2011,2012,2013,2014,2015,2016,2018,2019,2020,2021,2022,2023,2024]
Jules Kounde	Luis Suarez	11	[2010,2012,2013,2014,2015,2017,2019,2020,2021,2022,2024]
Jules Kounde	Marc-Andre ter Stegen	14	[2010,2011,2012,2013,2014,2015,2016,2017,2018,2020,2021,2022,2023,2024]
Jules Kounde	Neymar	12	[2010,2011,2012,2013,2014,2015,2016,2017,2019,2020,2021,2024]
Jules Kounde	Pedri	15	[2010,2011,2012,2013,2014,2015,2016,2017,2018,2019,2020,2021,2022,2023,2024]
Jules Kounde	Raphinha	14	[2010,2011,2012,2013,2014,2015,2016,2017,2018,2019,2021,2022,2023,2024]
Jules Kounde	Robert Lewandowski	13	[2010,2012,2013,2014,2015,2017,2018,2019,2020,2021,2022,2023,2024]
Jules Kounde	Ronald Araujo	15	[2010,2011,2012,2013,2014,2015,2016,2017,2018,2019,2020,2021,2022,2023,2024]
Jules Kounde	Samuel Eto'o	13	[2010,2011,2012,2013,2015,2016,2017,2018,2019,2020,2022,2023,2024]
Jules Kounde	Sergio Busquets	15	[2010,2011,2012,2013,2014,2015,2016,2017,2018,2019,2020,2021,2022,2023,2024]
Jules Kounde	Victor Valdes	13	[2010,2011,2012,2013,2015,2016,2017,2018,2019,2020,2021,2022,2023]
Jules Kounde	Xavi Hernandez	15	[2010,2011,2012,2013,2014,2015,2016,2017,2018,2019,2020,2021,2022,2023,2024]
Lamine Yamal	Lionel Messi	13	[2010,2011,2012,2013,2014,2015,2016,2018,2019,2020,2021,2022,2023]
Lamine Yamal	Luis Suarez	10	[2010,2012,2013,2014,2015,2017,2019,2020,2021,2022]
Lamine Yamal	Marc-Andre ter Stegen	13	[2010,2011,2012,2013,2014,2015,2016,2017,2018,2020,2021,2022,2023]
Lamine Yamal	Neymar	11	[2010,2011,2012,2013,2014,2015,2016,2017,2019,2020,2021]
Lamine Yamal	Pedri	14	[2010,2011,2012,2013,2014,2015,2016,2017,2018,2019,2020,2021,2022,2023]
Lamine Yamal	Raphinha	13	[2010,2011,2012,2013,2014,2015,2016,2017,2018,2019,2021,2022,2023]
Lamine Yamal	Robert Lewandowski	12	[2010,2012,2013,2014,2015,2017,2018,2019,2020,2021,2022,2023]
Lamine Yamal	Ronald Araujo	14	[2010,2011,2012,2013,2014,2015,2016,2017,2018,2019,2020,2021,2022,2023]
Lamine Yamal	Samuel Eto'o	12	[2010,2011,2012,2013,2015,2016,2017,2018,2019,2020,2022,2023]
Lamine Yamal	Sergio Busquets	14	[2010,2011,2012,2013,2014,2015,2016,2017,2018,2019,2020,2021,2022,2023]
Lamine Yamal	Victor Valdes	13	[2010,2011,2012,2013,2015,2016,2017,2018,2019,2020,2021,2022,2023]
Lamine Yamal	Xavi Hernandez	14	[2010,2011,2012,2013,2014,2015,2016,2017,2018,2019,2020,2021,2022,2023]
Lionel Messi	Luis Suarez	10	[2010,2012,2013,2014,2015,2019,2020,2021,2022,2024]
Lionel Messi	Marc-Andre ter Stegen	13	[2010,2011,2012,2013,2014,2015,2016,2018,2020,2021,2022,2023,2024]
Lionel Messi	Neymar	11	[2010,2011,2012,2013,2014,2015,2016,2019,2020,2021,2024]
Lionel Messi	Pedri	14	[2010,2011,2012,2013,2014,2015,2016,2018,2019,2020,2021,2022,2023,2024]
Lionel Messi	Raphinha	13	[2010,2011,2012,2013,2014,2015,2016,2018,2019,2021,2022,2023,2024]
Lionel Messi	Robert Lewandowski	12	[2010,2012,2013,2014,2015,2018,2019,2020,2021,2022,2023,2024]
Lionel Messi	Ronald Araujo	14	[2010,2011,2012,2013,2014,2015,2016,2018,2019,2020,2021,2022,2023,2024]
Lionel Messi	Samuel Eto'o	12	[2010,2011,2012,2013,2015,2016,2018,2019,2020,2022,2023,2024]
Lionel Messi	Sergio Busquets	14	[2010,2011,2012,2013,2014,2015,2016,2018,2019,2020,2021,2022,2023,2024]
Lionel Messi	Victor Valdes	12	[2010,2011,2012,2013,2015,2016,2018,2019,2020,2021,2022,2023]
Lionel Messi	Xavi Hernandez	14	[2010,2011,2012,2013,2014,2015,2016,2018,2019,2020,2021,2022,2023,2024]
Luis Suarez	Marc-Andre ter Stegen	10	[2010,2012,2013,2014,2015,2017,2020,2021,2022,2024]
Luis Suarez	Neymar	10	[2010,2012,2013,2014,2015,2017,2019,2020,2021,2024]
Luis Suarez	Pedri	11	[2010,2012,2013,2014,2015,2017,2019,2020,2021,2022,2024]
Luis Suarez	Raphinha	10	[2010,2012,2013,2014,2015,2017,2019,2021,2022,2024]
Luis Suarez	Robert Lewandowski	11	[2010,2012,2013,2014,2015,2017,2019,2020,2021,2022,2024]
Luis Suarez	Ronald Araujo	11	[2010,2012,2013,2014,2015,2017,2019,2020,2021,2022,2024]
Luis Suarez	Samuel Eto'o	9	[2010,2012,2013,2015,2017,2019,2020,2022,2024]
Luis Suarez	Sergio Busquets	11	[2010,2012,2013,2014,2015,2017,2019,2020,2021,2022,2024]
Luis Suarez	Victor Valdes	9	[2010,2012,2013,2015,2017,2019,2020,2021,2022]
Luis Suarez	Xavi Hernandez	11	[2010,2012,2013,2014,2015,2017,2019,2020,2021,2022,2024]
Marc-Andre ter Stegen	Neymar	11	[2010,2011,2012,2013,2014,2015,2016,2017,2020,2021,2024]
Marc-Andre ter Stegen	Pedri	14	[2010,2011,2012,2013,2014,2015,2016,2017,2018,2020,2021,2022,2023,2024]
Marc-Andre ter Stegen	Raphinha	13	[2010,2011,2012,2013,2014,2015,2016,2017,2018,2021,2022,2023,2024]
Marc-Andre ter Stegen	Robert Lewandowski	12	[2010,2012,2013,2014,2015,2017,2018,2020,2021,2022,2023,2024]
Marc-Andre ter Stegen	Ronald Araujo	14	[2010,2011,2012,2013,2014,2015,2016,2017,2018,2020,2021,2022,2023,2024]
Marc-Andre ter Stegen	Samuel Eto'o	12	[2010,2011,2012,2013,2015,2016,2017,2018,2020,2022,2023,2024]
Marc-Andre ter Stegen	Sergio Busquets	14	[2010,2011,2012,2013,2014,2015,2016,2017,2018,2020,2021,2022,2023,2024]
Marc-Andre ter Stegen	Victor Valdes	12	[2010,2011,2012,2013,2015,2016,2017,2018,2020,2021,2022,2023]
Marc-Andre ter Stegen	Xavi Hernandez	14	[2010,2011,2012,2013,2014,2015,2016,2017,2018,2020,2021,2022,2023,2024]
Neymar	Pedri	12	[2010,2011,2012,2013,2014,2015,2016,2017,2019,2020,2021,2024]
Neymar	Raphinha	11	[2010,2011,2012,2013,2014,2015,2016,2017,2019,2021,2024]
Neymar	Robert Lewandowski	10	[2010,2012,2013,2014,2015,2017,2019,2020,2021,2024]
Neymar	Ronald Araujo	12	[2010,2011,2012,2013,2014,2015,2016,2017,2019,2020,2021,2024]
Neymar	Samuel Eto'o	10	[2010,2011,2012,2013,2015,2016,2017,2019,2020,2024]
Neymar	Sergio Busquets	12	[2010,2011,2012,2013,2014,2015,2016,2017,2019,2020,2021,2024]
Neymar	Victor Valdes	10	[2010,2011,2012,2013,2015,2016,2017,2019,2020,2021]
Neymar	Xavi Hernandez	12	[2010,2011,2012,2013,2014,2015,2016,2017,2019,2020,2021,2024]
Pedri	Raphinha	14	[2010,2011,2012,2013,2014,2015,2016,2017,2018,2019,2021,2022,2023,2024]
Pedri	Robert Lewandowski	13	[2010,2012,2013,2014,2015,2017,2018,2019,2020,2021,2022,2023,2024]
Pedri	Ronald Araujo	15	[2010,2011,2012,2013,2014,2015,2016,2017,2018,2019,2020,2021,2022,2023,2024]
Pedri	Samuel Eto'o	13	[2010,2011,2012,2013,2015,2016,2017,2018,2019,2020,2022,2023,2024]
Pedri	Sergio Busquets	15	[2010,2011,2012,2013,2014,2015,2016,2017,2018,2019,2020,2021,2022,2023,2024]
Pedri	Victor Valdes	13	[2010,2011,2012,2013,2015,2016,2017,2018,2019,2020,2021,2022,2023]
Pedri	Xavi Hernandez	15	[2010,2011,2012,2013,2014,2015,2016,2017,2018,2019,2020,2021,2022,2023,2024]
Raphinha	Robert Lewandowski	12	[2010,2012,2013,2014,2015,2017,2018,2019,2021,2022,2023,2024]
Raphinha	Ronald Araujo	14	[2010,2011,2012,2013,2014,2015,2016,2017,2018,2019,2021,2022,2023,2024]
Raphinha	Samuel Eto'o	12	[2010,2011,2012,2013,2015,2016,2017,2018,2019,2022,2023,2024]
Raphinha	Sergio Busquets	14	[2010,2011,2012,2013,2014,2015,2016,2017,2018,2019,2021,2022,2023,2024]
Raphinha	Victor Valdes	12	[2010,2011,2012,2013,2015,2016,2017,2018,2019,2021,2022,2023]
Raphinha	Xavi Hernandez	14	[2010,2011,2012,2013,2014,2015,2016,2017,2018,2019,2021,2022,2023,2024]
Robert Lewandowski	Ronald Araujo	13	[2010,2012,2013,2014,2015,2017,2018,2019,2020,2021,2022,2023,2024]
Robert Lewandowski	Samuel Eto'o	11	[2010,2012,2013,2015,2017,2018,2019,2020,2022,2023,2024]
Robert Lewandowski	Sergio Busquets	13	[2010,2012,2013,2014,2015,2017,2018,2019,2020,2021,2022,2023,2024]
Robert Lewandowski	Victor Valdes	11	[2010,2012,2013,2015,2017,2018,2019,2020,2021,2022,2023]
Robert Lewandowski	Xavi Hernandez	13	[2010,2012,2013,2014,2015,2017,2018,2019,2020,2021,2022,2023,2024]
Ronald Araujo	Samuel Eto'o	13	[2010,2011,2012,2013,2015,2016,2017,2018,2019,2020,2022,2023,2024]
Ronald Araujo	Sergio Busquets	15	[2010,2011,2012,2013,2014,2015,2016,2017,2018,2019,2020,2021,2022,2023,2024]
Ronald Araujo	Victor Valdes	13	[2010,2011,2012,2013,2015,2016,2017,2018,2019,2020,2021,2022,2023]
Ronald Araujo	Xavi Hernandez	15	[2010,2011,2012,2013,2014,2015,2016,2017,2018,2019,2020,2021,2022,2023,2024]
Samuel Eto'o	Sergio Busquets	13	[2010,2011,2012,2013,2015,2016,2017,2018,2019,2020,2022,2023,2024]
Samuel Eto'o	Victor Valdes	12	[2010,2011,2012,2013,2015,2016,2017,2018,2019,2020,2022,2023]
Samuel Eto'o	Xavi Hernandez	13	[2010,2011,2012,2013,2015,2016,2017,2018,2019,2020,2022,2023,2024]
Sergio Busquets	Victor Valdes	13	[2010,2011,2012,2013,2015,2016,2017,2018,2019,2020,2021,2022,2023]
Sergio Busquets	Xavi Hernandez	15	[2010,2011,2012,2013,2014,2015,2016,2017,2018,2019,2020,2021,2022,2023,2024]
Victor Valdes	Xavi Hernandez	13	[2010,2011,2012,2013,2015,2016,2017,2018,2019,2020,2021,2022,2023]
